

==================InceptionV3_LogisticRegression CV==================
+----+------------+---------+------+------+-------+------+-------------+-----------+----------+
|    | view_pos   |   train |   FN |   FP |    TN |   TP |   precision |    recall |       f1 |
|----+------------+---------+------+------+-------+------+-------------+-----------+----------|
|  0 | AP         |       0 |   38 |    4 |    33 |   29 |    0.878788 | 0.432836  | 0.58     |
|  1 | AP         |       1 | 1090 |   16 |  1142 |   71 |    0.816092 | 0.0611542 | 0.113782 |
|  2 | PA         |       0 |  396 |   69 |   409 |  222 |    0.762887 | 0.359223  | 0.488449 |
|  3 | PA         |       1 | 6879 |  219 | 12088 |  461 |    0.677941 | 0.0628065 | 0.114963 |
+----+------------+---------+------+------+-------+------+-------------+-----------+----------+


+----+------------+---------+------+------+-------+------+-------------+-----------+----------+
|    | view_pos   |   train |   FN |   FP |    TN |   TP |   precision |    recall |       f1 |
|----+------------+---------+------+------+-------+------+-------------+-----------+----------|
|  0 | AP         |       0 |   38 |    4 |    33 |   29 |    0.878788 | 0.432836  | 0.58     |
|  1 | AP         |       1 | 1090 |   16 |  1142 |   71 |    0.816092 | 0.0611542 | 0.113782 |
|  2 | PA         |       0 |  396 |   69 |   409 |  222 |    0.762887 | 0.359223  | 0.488449 |
|  3 | PA         |       1 | 6879 |  219 | 12088 |  461 |    0.677941 | 0.0628065 | 0.114963 |
+----+------------+---------+------+------+-------+------+-------------+-----------+----------+


+----+--------------+---------+------+------+------+------+-------------+------------+-------------+
|    | age_binned   |   train |   FN |   FP |   TN |   TP |   precision |     recall |          f1 |
|----+--------------+---------+------+------+------+------+-------------+------------+-------------|
|  0 | (0, 10]      |       0 |    5 |    4 |   13 |    2 |    0.333333 | 0.285714   |   0.307692  |
|  1 | (0, 10]      |       1 |  107 |    2 |  383 |    1 |    0.333333 | 0.00925926 |   0.018018  |
|  2 | (10, 30]     |       0 |   76 |   13 |   76 |   35 |    0.729167 | 0.315315   |   0.440252  |
|  3 | (10, 30]     |       1 | 1268 |   27 | 2843 |   61 |    0.693182 | 0.0458992  |   0.0860974 |
|  4 | (30, 50]     |       0 |  159 |   19 |  162 |   70 |    0.786517 | 0.305677   |   0.440252  |
|  5 | (30, 50]     |       1 | 2938 |   75 | 5284 |  150 |    0.666667 | 0.0485751  |   0.0905524 |
|  6 | (50, 60]     |       0 |  100 |   15 |   87 |   60 |    0.8      | 0.375      |   0.510638  |
|  7 | (50, 60]     |       1 | 1931 |   51 | 2720 |  130 |    0.718232 | 0.0630762  |   0.115968  |
|  8 | (60, 80]     |       0 |   93 |   21 |  100 |   82 |    0.796117 | 0.468571   |   0.589928  |
|  9 | (60, 80]     |       1 | 1646 |   72 | 1944 |  174 |    0.707317 | 0.0956044  |   0.168441  |
| 10 | (80, 100]    |       0 |    1 |    1 |    4 |    2 |    0.666667 | 0.666667   |   0.666667  |
| 11 | (80, 100]    |       1 |   77 |    8 |   53 |   16 |    0.666667 | 0.172043   |   0.273504  |
| 12 | (100, 450]   |       1 |    2 |    0 |    3 |    0 |  nan        | 0          | nan         |
+----+--------------+---------+------+------+------+------+-------------+------------+-------------+


+----+--------------+---------+------+------+------+------+-------------+------------+-------------+
|    | age_binned   |   train |   FN |   FP |   TN |   TP |   precision |     recall |          f1 |
|----+--------------+---------+------+------+------+------+-------------+------------+-------------|
|  0 | (0, 10]      |       0 |    5 |    4 |   13 |    2 |    0.333333 | 0.285714   |   0.307692  |
|  1 | (0, 10]      |       1 |  107 |    2 |  383 |    1 |    0.333333 | 0.00925926 |   0.018018  |
|  2 | (10, 30]     |       0 |   76 |   13 |   76 |   35 |    0.729167 | 0.315315   |   0.440252  |
|  3 | (10, 30]     |       1 | 1268 |   27 | 2843 |   61 |    0.693182 | 0.0458992  |   0.0860974 |
|  4 | (30, 50]     |       0 |  159 |   19 |  162 |   70 |    0.786517 | 0.305677   |   0.440252  |
|  5 | (30, 50]     |       1 | 2938 |   75 | 5284 |  150 |    0.666667 | 0.0485751  |   0.0905524 |
|  6 | (50, 60]     |       0 |  100 |   15 |   87 |   60 |    0.8      | 0.375      |   0.510638  |
|  7 | (50, 60]     |       1 | 1931 |   51 | 2720 |  130 |    0.718232 | 0.0630762  |   0.115968  |
|  8 | (60, 80]     |       0 |   93 |   21 |  100 |   82 |    0.796117 | 0.468571   |   0.589928  |
|  9 | (60, 80]     |       1 | 1646 |   72 | 1944 |  174 |    0.707317 | 0.0956044  |   0.168441  |
| 10 | (80, 100]    |       0 |    1 |    1 |    4 |    2 |    0.666667 | 0.666667   |   0.666667  |
| 11 | (80, 100]    |       1 |   77 |    8 |   53 |   16 |    0.666667 | 0.172043   |   0.273504  |
| 12 | (100, 450]   |       1 |    2 |    0 |    3 |    0 |  nan        | 0          | nan         |
+----+--------------+---------+------+------+------+------+-------------+------------+-------------+


+----+----------+---------+------+------+------+------+-------------+-----------+-----------+
|    | gender   |   train |   FN |   FP |   TN |   TP |   precision |    recall |        f1 |
|----+----------+---------+------+------+------+------+-------------+-----------+-----------|
|  0 | F        |       0 |  211 |   39 |  217 |  137 |    0.778409 | 0.393678  | 0.522901  |
|  1 | F        |       1 | 3691 |  139 | 6109 |  290 |    0.675991 | 0.072846  | 0.131519  |
|  2 | M        |       0 |  223 |   34 |  225 |  114 |    0.77027  | 0.338279  | 0.470103  |
|  3 | M        |       1 | 4278 |   96 | 7121 |  242 |    0.715976 | 0.0535398 | 0.0996295 |
+----+----------+---------+------+------+------+------+-------------+-----------+-----------+


+----+----------+---------+------+------+------+------+-------------+-----------+-----------+
|    | gender   |   train |   FN |   FP |   TN |   TP |   precision |    recall |        f1 |
|----+----------+---------+------+------+------+------+-------------+-----------+-----------|
|  0 | F        |       0 |  211 |   39 |  217 |  137 |    0.778409 | 0.393678  | 0.522901  |
|  1 | F        |       1 | 3691 |  139 | 6109 |  290 |    0.675991 | 0.072846  | 0.131519  |
|  2 | M        |       0 |  223 |   34 |  225 |  114 |    0.77027  | 0.338279  | 0.470103  |
|  3 | M        |       1 | 4278 |   96 | 7121 |  242 |    0.715976 | 0.0535398 | 0.0996295 |
+----+----------+---------+------+------+------+------+-------------+-----------+-----------+







==================ResNet50_SVM==================
+----+------------+---------+------+------+-------+------+-------------+----------+----------+
|    | view_pos   |   train |   FN |   FP |    TN |   TP |   precision |   recall |       f1 |
|----+------------+---------+------+------+-------+------+-------------+----------+----------|
|  0 | AP         |       0 |    4 |    8 |    67 |   25 |    0.757576 | 0.862069 | 0.806452 |
|  1 | AP         |       1 |    6 |   11 |  2226 |   76 |    0.873563 | 0.926829 | 0.899408 |
|  2 | PA         |       0 |   84 |   65 |   721 |  226 |    0.776632 | 0.729032 | 0.75208  |
|  3 | PA         |       1 |  112 |   91 | 18855 |  589 |    0.866176 | 0.840228 | 0.853005 |
+----+------------+---------+------+------+-------+------+-------------+----------+----------+


+----+------------+---------+------+------+-------+------+-------------+----------+----------+
|    | view_pos   |   train |   FN |   FP |    TN |   TP |   precision |   recall |       f1 |
|----+------------+---------+------+------+-------+------+-------------+----------+----------|
|  0 | AP         |       0 |    4 |    8 |    67 |   25 |    0.757576 | 0.862069 | 0.806452 |
|  1 | AP         |       1 |    6 |   11 |  2226 |   76 |    0.873563 | 0.926829 | 0.899408 |
|  2 | PA         |       0 |   84 |   65 |   721 |  226 |    0.776632 | 0.729032 | 0.75208  |
|  3 | PA         |       1 |  112 |   91 | 18855 |  589 |    0.866176 | 0.840228 | 0.853005 |
+----+------------+---------+------+------+-------+------+-------------+----------+----------+


+----+--------------+---------+------+------+------+------+-------------+------------+------------+
|    | age_binned   |   train |   FN |   FP |   TN |   TP |   precision |     recall |         f1 |
|----+--------------+---------+------+------+------+------+-------------+------------+------------|
|  0 | (0, 10]      |       0 |    2 |    3 |   16 |    3 |    0.5      |   0.6      |   0.545455 |
|  1 | (0, 10]      |       1 |    0 |    0 |  490 |    3 |    1        |   1        |   1        |
|  2 | (10, 30]     |       0 |   11 |   11 |  141 |   37 |    0.770833 |   0.770833 |   0.770833 |
|  3 | (10, 30]     |       1 |   18 |    9 | 4093 |   79 |    0.897727 |   0.814433 |   0.854054 |
|  4 | (30, 50]     |       0 |   30 |   20 |  291 |   69 |    0.775281 |   0.69697  |   0.734043 |
|  5 | (30, 50]     |       1 |   30 |   28 | 8192 |  197 |    0.875556 |   0.867841 |   0.871681 |
|  6 | (50, 60]     |       0 |   29 |   19 |  158 |   56 |    0.746667 |   0.658824 |   0.7      |
|  7 | (50, 60]     |       1 |   26 |   28 | 4625 |  153 |    0.845304 |   0.854749 |   0.85     |
|  8 | (60, 80]     |       0 |   15 |   19 |  178 |   84 |    0.815534 |   0.848485 |   0.831683 |
|  9 | (60, 80]     |       1 |   41 |   35 | 3549 |  211 |    0.857724 |   0.837302 |   0.84739  |
| 10 | (80, 100]    |       0 |    1 |    1 |    4 |    2 |    0.666667 |   0.666667 |   0.666667 |
| 11 | (80, 100]    |       1 |    3 |    2 |  127 |   22 |    0.916667 |   0.88     |   0.897959 |
| 12 | (100, 450]   |       1 |    0 |    0 |    5 |    0 |  nan        | nan        | nan        |
+----+--------------+---------+------+------+------+------+-------------+------------+------------+


+----+--------------+---------+------+------+------+------+-------------+------------+------------+
|    | age_binned   |   train |   FN |   FP |   TN |   TP |   precision |     recall |         f1 |
|----+--------------+---------+------+------+------+------+-------------+------------+------------|
|  0 | (0, 10]      |       0 |    2 |    3 |   16 |    3 |    0.5      |   0.6      |   0.545455 |
|  1 | (0, 10]      |       1 |    0 |    0 |  490 |    3 |    1        |   1        |   1        |
|  2 | (10, 30]     |       0 |   11 |   11 |  141 |   37 |    0.770833 |   0.770833 |   0.770833 |
|  3 | (10, 30]     |       1 |   18 |    9 | 4093 |   79 |    0.897727 |   0.814433 |   0.854054 |
|  4 | (30, 50]     |       0 |   30 |   20 |  291 |   69 |    0.775281 |   0.69697  |   0.734043 |
|  5 | (30, 50]     |       1 |   30 |   28 | 8192 |  197 |    0.875556 |   0.867841 |   0.871681 |
|  6 | (50, 60]     |       0 |   29 |   19 |  158 |   56 |    0.746667 |   0.658824 |   0.7      |
|  7 | (50, 60]     |       1 |   26 |   28 | 4625 |  153 |    0.845304 |   0.854749 |   0.85     |
|  8 | (60, 80]     |       0 |   15 |   19 |  178 |   84 |    0.815534 |   0.848485 |   0.831683 |
|  9 | (60, 80]     |       1 |   41 |   35 | 3549 |  211 |    0.857724 |   0.837302 |   0.84739  |
| 10 | (80, 100]    |       0 |    1 |    1 |    4 |    2 |    0.666667 |   0.666667 |   0.666667 |
| 11 | (80, 100]    |       1 |    3 |    2 |  127 |   22 |    0.916667 |   0.88     |   0.897959 |
| 12 | (100, 450]   |       1 |    0 |    0 |    5 |    0 |  nan        | nan        | nan        |
+----+--------------+---------+------+------+------+------+-------------+------------+------------+


+----+----------+---------+------+------+-------+------+-------------+----------+----------+
|    | gender   |   train |   FN |   FP |    TN |   TP |   precision |   recall |       f1 |
|----+----------+---------+------+------+-------+------+-------------+----------+----------|
|  0 | F        |       0 |   55 |   40 |   373 |  136 |    0.772727 | 0.712042 | 0.741144 |
|  1 | F        |       1 |   56 |   52 |  9744 |  377 |    0.878788 | 0.87067  | 0.87471  |
|  2 | M        |       0 |   33 |   33 |   415 |  115 |    0.777027 | 0.777027 | 0.777027 |
|  3 | M        |       1 |   62 |   50 | 11337 |  288 |    0.852071 | 0.822857 | 0.837209 |
+----+----------+---------+------+------+-------+------+-------------+----------+----------+


+----+----------+---------+------+------+-------+------+-------------+----------+----------+
|    | gender   |   train |   FN |   FP |    TN |   TP |   precision |   recall |       f1 |
|----+----------+---------+------+------+-------+------+-------------+----------+----------|
|  0 | F        |       0 |   55 |   40 |   373 |  136 |    0.772727 | 0.712042 | 0.741144 |
|  1 | F        |       1 |   56 |   52 |  9744 |  377 |    0.878788 | 0.87067  | 0.87471  |
|  2 | M        |       0 |   33 |   33 |   415 |  115 |    0.777027 | 0.777027 | 0.777027 |
|  3 | M        |       1 |   62 |   50 | 11337 |  288 |    0.852071 | 0.822857 | 0.837209 |
+----+----------+---------+------+------+-------+------+-------------+----------+----------+







==================InceptionV3_SVM==================
+----+------------+---------+------+------+-------+------+-------------+----------+----------+
|    | view_pos   |   train |   FN |   FP |    TN |   TP |   precision |   recall |       f1 |
|----+------------+---------+------+------+-------+------+-------------+----------+----------|
|  0 | AP         |       0 |    5 |    7 |    66 |   26 |    0.787879 | 0.83871  | 0.8125   |
|  1 | AP         |       1 |    5 |    7 |  2227 |   80 |    0.91954  | 0.941176 | 0.930233 |
|  2 | PA         |       0 |   90 |   56 |   715 |  235 |    0.80756  | 0.723077 | 0.762987 |
|  3 | PA         |       1 |   90 |   58 | 18877 |  622 |    0.914706 | 0.873596 | 0.893678 |
+----+------------+---------+------+------+-------+------+-------------+----------+----------+


+----+------------+---------+------+------+-------+------+-------------+----------+----------+
|    | view_pos   |   train |   FN |   FP |    TN |   TP |   precision |   recall |       f1 |
|----+------------+---------+------+------+-------+------+-------------+----------+----------|
|  0 | AP         |       0 |    5 |    7 |    66 |   26 |    0.787879 | 0.83871  | 0.8125   |
|  1 | AP         |       1 |    5 |    7 |  2227 |   80 |    0.91954  | 0.941176 | 0.930233 |
|  2 | PA         |       0 |   90 |   56 |   715 |  235 |    0.80756  | 0.723077 | 0.762987 |
|  3 | PA         |       1 |   90 |   58 | 18877 |  622 |    0.914706 | 0.873596 | 0.893678 |
+----+------------+---------+------+------+-------+------+-------------+----------+----------+


+----+--------------+---------+------+------+------+------+-------------+------------+------------+
|    | age_binned   |   train |   FN |   FP |   TN |   TP |   precision |     recall |         f1 |
|----+--------------+---------+------+------+------+------+-------------+------------+------------|
|  0 | (0, 10]      |       0 |    3 |    2 |   15 |    4 |    0.666667 |   0.571429 |   0.615385 |
|  1 | (0, 10]      |       1 |    0 |    0 |  490 |    3 |    1        |   1        |   1        |
|  2 | (10, 30]     |       0 |   11 |   10 |  141 |   38 |    0.791667 |   0.77551  |   0.783505 |
|  3 | (10, 30]     |       1 |   12 |    4 | 4099 |   84 |    0.954545 |   0.875    |   0.913043 |
|  4 | (30, 50]     |       0 |   35 |   24 |  286 |   65 |    0.730337 |   0.65     |   0.687831 |
|  5 | (30, 50]     |       1 |   22 |   19 | 8200 |  206 |    0.915556 |   0.903509 |   0.909492 |
|  6 | (50, 60]     |       0 |   20 |   10 |  167 |   65 |    0.866667 |   0.764706 |   0.8125   |
|  7 | (50, 60]     |       1 |   17 |   10 | 4634 |  171 |    0.944751 |   0.909574 |   0.926829 |
|  8 | (60, 80]     |       0 |   25 |   16 |  168 |   87 |    0.84466  |   0.776786 |   0.809302 |
|  9 | (60, 80]     |       1 |   41 |   30 | 3549 |  216 |    0.878049 |   0.840467 |   0.858847 |
| 10 | (80, 100]    |       0 |    1 |    1 |    4 |    2 |    0.666667 |   0.666667 |   0.666667 |
| 11 | (80, 100]    |       1 |    3 |    2 |  127 |   22 |    0.916667 |   0.88     |   0.897959 |
| 12 | (100, 450]   |       1 |    0 |    0 |    5 |    0 |  nan        | nan        | nan        |
+----+--------------+---------+------+------+------+------+-------------+------------+------------+


+----+--------------+---------+------+------+------+------+-------------+------------+------------+
|    | age_binned   |   train |   FN |   FP |   TN |   TP |   precision |     recall |         f1 |
|----+--------------+---------+------+------+------+------+-------------+------------+------------|
|  0 | (0, 10]      |       0 |    3 |    2 |   15 |    4 |    0.666667 |   0.571429 |   0.615385 |
|  1 | (0, 10]      |       1 |    0 |    0 |  490 |    3 |    1        |   1        |   1        |
|  2 | (10, 30]     |       0 |   11 |   10 |  141 |   38 |    0.791667 |   0.77551  |   0.783505 |
|  3 | (10, 30]     |       1 |   12 |    4 | 4099 |   84 |    0.954545 |   0.875    |   0.913043 |
|  4 | (30, 50]     |       0 |   35 |   24 |  286 |   65 |    0.730337 |   0.65     |   0.687831 |
|  5 | (30, 50]     |       1 |   22 |   19 | 8200 |  206 |    0.915556 |   0.903509 |   0.909492 |
|  6 | (50, 60]     |       0 |   20 |   10 |  167 |   65 |    0.866667 |   0.764706 |   0.8125   |
|  7 | (50, 60]     |       1 |   17 |   10 | 4634 |  171 |    0.944751 |   0.909574 |   0.926829 |
|  8 | (60, 80]     |       0 |   25 |   16 |  168 |   87 |    0.84466  |   0.776786 |   0.809302 |
|  9 | (60, 80]     |       1 |   41 |   30 | 3549 |  216 |    0.878049 |   0.840467 |   0.858847 |
| 10 | (80, 100]    |       0 |    1 |    1 |    4 |    2 |    0.666667 |   0.666667 |   0.666667 |
| 11 | (80, 100]    |       1 |    3 |    2 |  127 |   22 |    0.916667 |   0.88     |   0.897959 |
| 12 | (100, 450]   |       1 |    0 |    0 |    5 |    0 |  nan        | nan        | nan        |
+----+--------------+---------+------+------+------+------+-------------+------------+------------+


+----+----------+---------+------+------+-------+------+-------------+----------+----------+
|    | gender   |   train |   FN |   FP |    TN |   TP |   precision |   recall |       f1 |
|----+----------+---------+------+------+-------+------+-------------+----------+----------|
|  0 | F        |       0 |   57 |   29 |   371 |  147 |    0.835227 | 0.720588 | 0.773684 |
|  1 | F        |       1 |   44 |   40 |  9756 |  389 |    0.90676  | 0.898383 | 0.902552 |
|  2 | M        |       0 |   38 |   34 |   410 |  114 |    0.77027  | 0.75     | 0.76     |
|  3 | M        |       1 |   51 |   25 | 11348 |  313 |    0.926036 | 0.85989  | 0.891738 |
+----+----------+---------+------+------+-------+------+-------------+----------+----------+


+----+----------+---------+------+------+-------+------+-------------+----------+----------+
|    | gender   |   train |   FN |   FP |    TN |   TP |   precision |   recall |       f1 |
|----+----------+---------+------+------+-------+------+-------------+----------+----------|
|  0 | F        |       0 |   57 |   29 |   371 |  147 |    0.835227 | 0.720588 | 0.773684 |
|  1 | F        |       1 |   44 |   40 |  9756 |  389 |    0.90676  | 0.898383 | 0.902552 |
|  2 | M        |       0 |   38 |   34 |   410 |  114 |    0.77027  | 0.75     | 0.76     |
|  3 | M        |       1 |   51 |   25 | 11348 |  313 |    0.926036 | 0.85989  | 0.891738 |
+----+----------+---------+------+------+-------+------+-------------+----------+----------+







==================VGG16_SVM==================
+----+------------+---------+------+------+-------+------+-------------+----------+----------+
|    | view_pos   |   train |   FN |   FP |    TN |   TP |   precision |   recall |       f1 |
|----+------------+---------+------+------+-------+------+-------------+----------+----------|
|  0 | AP         |       0 |    6 |    7 |    65 |   26 |    0.787879 | 0.8125   | 0.8      |
|  1 | AP         |       1 |    9 |   10 |  2223 |   77 |    0.885057 | 0.895349 | 0.890173 |
|  2 | PA         |       0 |   88 |   87 |   717 |  204 |    0.701031 | 0.69863  | 0.699828 |
|  3 | PA         |       1 |   97 |  112 | 18870 |  568 |    0.835294 | 0.854135 | 0.84461  |
+----+------------+---------+------+------+-------+------+-------------+----------+----------+


+----+------------+---------+------+------+-------+------+-------------+----------+----------+
|    | view_pos   |   train |   FN |   FP |    TN |   TP |   precision |   recall |       f1 |
|----+------------+---------+------+------+-------+------+-------------+----------+----------|
|  0 | AP         |       0 |    6 |    7 |    65 |   26 |    0.787879 | 0.8125   | 0.8      |
|  1 | AP         |       1 |    9 |   10 |  2223 |   77 |    0.885057 | 0.895349 | 0.890173 |
|  2 | PA         |       0 |   88 |   87 |   717 |  204 |    0.701031 | 0.69863  | 0.699828 |
|  3 | PA         |       1 |   97 |  112 | 18870 |  568 |    0.835294 | 0.854135 | 0.84461  |
+----+------------+---------+------+------+-------+------+-------------+----------+----------+


+----+--------------+---------+------+------+------+------+-------------+------------+------------+
|    | age_binned   |   train |   FN |   FP |   TN |   TP |   precision |     recall |         f1 |
|----+--------------+---------+------+------+------+------+-------------+------------+------------|
|  0 | (0, 10]      |       0 |    2 |    5 |   16 |    1 |    0.166667 |   0.333333 |   0.222222 |
|  1 | (0, 10]      |       1 |    1 |    0 |  489 |    3 |    1        |   0.75     |   0.857143 |
|  2 | (10, 30]     |       0 |   11 |   15 |  141 |   33 |    0.6875   |   0.75     |   0.717391 |
|  3 | (10, 30]     |       1 |    8 |    7 | 4103 |   81 |    0.920455 |   0.910112 |   0.915254 |
|  4 | (30, 50]     |       0 |   37 |   30 |  284 |   59 |    0.662921 |   0.614583 |   0.637838 |
|  5 | (30, 50]     |       1 |   28 |   37 | 8194 |  188 |    0.835556 |   0.87037  |   0.852608 |
|  6 | (50, 60]     |       0 |   27 |   14 |  160 |   61 |    0.813333 |   0.693182 |   0.748466 |
|  7 | (50, 60]     |       1 |   25 |   30 | 4626 |  151 |    0.834254 |   0.857955 |   0.845938 |
|  8 | (60, 80]     |       0 |   17 |   29 |  176 |   74 |    0.718447 |   0.813187 |   0.762887 |
|  9 | (60, 80]     |       1 |   39 |   46 | 3551 |  200 |    0.813008 |   0.83682  |   0.824742 |
| 10 | (80, 100]    |       0 |    0 |    1 |    5 |    2 |    0.666667 |   1        |   0.8      |
| 11 | (80, 100]    |       1 |    5 |    2 |  125 |   22 |    0.916667 |   0.814815 |   0.862745 |
| 12 | (100, 450]   |       1 |    0 |    0 |    5 |    0 |  nan        | nan        | nan        |
+----+--------------+---------+------+------+------+------+-------------+------------+------------+


+----+--------------+---------+------+------+------+------+-------------+------------+------------+
|    | age_binned   |   train |   FN |   FP |   TN |   TP |   precision |     recall |         f1 |
|----+--------------+---------+------+------+------+------+-------------+------------+------------|
|  0 | (0, 10]      |       0 |    2 |    5 |   16 |    1 |    0.166667 |   0.333333 |   0.222222 |
|  1 | (0, 10]      |       1 |    1 |    0 |  489 |    3 |    1        |   0.75     |   0.857143 |
|  2 | (10, 30]     |       0 |   11 |   15 |  141 |   33 |    0.6875   |   0.75     |   0.717391 |
|  3 | (10, 30]     |       1 |    8 |    7 | 4103 |   81 |    0.920455 |   0.910112 |   0.915254 |
|  4 | (30, 50]     |       0 |   37 |   30 |  284 |   59 |    0.662921 |   0.614583 |   0.637838 |
|  5 | (30, 50]     |       1 |   28 |   37 | 8194 |  188 |    0.835556 |   0.87037  |   0.852608 |
|  6 | (50, 60]     |       0 |   27 |   14 |  160 |   61 |    0.813333 |   0.693182 |   0.748466 |
|  7 | (50, 60]     |       1 |   25 |   30 | 4626 |  151 |    0.834254 |   0.857955 |   0.845938 |
|  8 | (60, 80]     |       0 |   17 |   29 |  176 |   74 |    0.718447 |   0.813187 |   0.762887 |
|  9 | (60, 80]     |       1 |   39 |   46 | 3551 |  200 |    0.813008 |   0.83682  |   0.824742 |
| 10 | (80, 100]    |       0 |    0 |    1 |    5 |    2 |    0.666667 |   1        |   0.8      |
| 11 | (80, 100]    |       1 |    5 |    2 |  125 |   22 |    0.916667 |   0.814815 |   0.862745 |
| 12 | (100, 450]   |       1 |    0 |    0 |    5 |    0 |  nan        | nan        | nan        |
+----+--------------+---------+------+------+------+------+-------------+------------+------------+


+----+----------+---------+------+------+-------+------+-------------+----------+----------+
|    | gender   |   train |   FN |   FP |    TN |   TP |   precision |   recall |       f1 |
|----+----------+---------+------+------+-------+------+-------------+----------+----------|
|  0 | F        |       0 |   54 |   48 |   374 |  128 |    0.727273 | 0.703297 | 0.715084 |
|  1 | F        |       1 |   51 |   64 |  9749 |  365 |    0.850816 | 0.877404 | 0.863905 |
|  2 | M        |       0 |   40 |   46 |   408 |  102 |    0.689189 | 0.71831  | 0.703448 |
|  3 | M        |       1 |   55 |   58 | 11344 |  280 |    0.828402 | 0.835821 | 0.832095 |
+----+----------+---------+------+------+-------+------+-------------+----------+----------+


+----+----------+---------+------+------+-------+------+-------------+----------+----------+
|    | gender   |   train |   FN |   FP |    TN |   TP |   precision |   recall |       f1 |
|----+----------+---------+------+------+-------+------+-------------+----------+----------|
|  0 | F        |       0 |   54 |   48 |   374 |  128 |    0.727273 | 0.703297 | 0.715084 |
|  1 | F        |       1 |   51 |   64 |  9749 |  365 |    0.850816 | 0.877404 | 0.863905 |
|  2 | M        |       0 |   40 |   46 |   408 |  102 |    0.689189 | 0.71831  | 0.703448 |
|  3 | M        |       1 |   55 |   58 | 11344 |  280 |    0.828402 | 0.835821 | 0.832095 |
+----+----------+---------+------+------+-------+------+-------------+----------+----------+







==================VGG16_LogisticRegression==================
+----+------------+---------+------+------+-------+------+-------------+----------+----------+
|    | view_pos   |   train |   FN |   FP |    TN |   TP |   precision |   recall |       f1 |
|----+------------+---------+------+------+-------+------+-------------+----------+----------|
|  0 | AP         |       0 |   23 |    8 |    48 |   25 |    0.757576 | 0.520833 | 0.617284 |
|  1 | AP         |       1 |  593 |   12 |  1639 |   75 |    0.862069 | 0.112275 | 0.198675 |
|  2 | PA         |       0 |  207 |   81 |   598 |  210 |    0.721649 | 0.503597 | 0.59322  |
|  3 | PA         |       1 | 3766 |  145 | 15201 |  535 |    0.786765 | 0.12439  | 0.214816 |
+----+------------+---------+------+------+-------+------+-------------+----------+----------+


+----+------------+---------+------+------+-------+------+-------------+----------+----------+
|    | view_pos   |   train |   FN |   FP |    TN |   TP |   precision |   recall |       f1 |
|----+------------+---------+------+------+-------+------+-------------+----------+----------|
|  0 | AP         |       0 |   23 |    8 |    48 |   25 |    0.757576 | 0.520833 | 0.617284 |
|  1 | AP         |       1 |  593 |   12 |  1639 |   75 |    0.862069 | 0.112275 | 0.198675 |
|  2 | PA         |       0 |  207 |   81 |   598 |  210 |    0.721649 | 0.503597 | 0.59322  |
|  3 | PA         |       1 | 3766 |  145 | 15201 |  535 |    0.786765 | 0.12439  | 0.214816 |
+----+------------+---------+------+------+-------+------+-------------+----------+----------+


+----+--------------+---------+------+------+------+------+-------------+-----------+-------------+
|    | age_binned   |   train |   FN |   FP |   TN |   TP |   precision |    recall |          f1 |
|----+--------------+---------+------+------+------+------+-------------+-----------+-------------|
|  0 | (0, 10]      |       0 |    7 |    4 |   11 |    2 |    0.333333 | 0.222222  |   0.266667  |
|  1 | (0, 10]      |       1 |   65 |    2 |  425 |    1 |    0.333333 | 0.0151515 |   0.0289855 |
|  2 | (10, 30]     |       0 |   32 |   22 |  120 |   26 |    0.541667 | 0.448276  |   0.490566  |
|  3 | (10, 30]     |       1 |  608 |   16 | 3503 |   72 |    0.818182 | 0.105882  |   0.1875    |
|  4 | (30, 50]     |       0 |   78 |   22 |  243 |   67 |    0.752809 | 0.462069  |   0.57265   |
|  5 | (30, 50]     |       1 | 1438 |   48 | 6784 |  177 |    0.786667 | 0.109598  |   0.192391  |
|  6 | (50, 60]     |       0 |   57 |   16 |  130 |   59 |    0.786667 | 0.508621  |   0.617801  |
|  7 | (50, 60]     |       1 | 1091 |   39 | 3560 |  142 |    0.78453  | 0.115166  |   0.200849  |
|  8 | (60, 80]     |       0 |   55 |   24 |  138 |   79 |    0.76699  | 0.589552  |   0.666667  |
|  9 | (60, 80]     |       1 | 1110 |   45 | 2480 |  201 |    0.817073 | 0.153318  |   0.258189  |
| 10 | (80, 100]    |       0 |    1 |    1 |    4 |    2 |    0.666667 | 0.666667  |   0.666667  |
| 11 | (80, 100]    |       1 |   46 |    7 |   84 |   17 |    0.708333 | 0.269841  |   0.390805  |
| 12 | (100, 450]   |       1 |    1 |    0 |    4 |    0 |  nan        | 0         | nan         |
+----+--------------+---------+------+------+------+------+-------------+-----------+-------------+


+----+--------------+---------+------+------+------+------+-------------+-----------+-------------+
|    | age_binned   |   train |   FN |   FP |   TN |   TP |   precision |    recall |          f1 |
|----+--------------+---------+------+------+------+------+-------------+-----------+-------------|
|  0 | (0, 10]      |       0 |    7 |    4 |   11 |    2 |    0.333333 | 0.222222  |   0.266667  |
|  1 | (0, 10]      |       1 |   65 |    2 |  425 |    1 |    0.333333 | 0.0151515 |   0.0289855 |
|  2 | (10, 30]     |       0 |   32 |   22 |  120 |   26 |    0.541667 | 0.448276  |   0.490566  |
|  3 | (10, 30]     |       1 |  608 |   16 | 3503 |   72 |    0.818182 | 0.105882  |   0.1875    |
|  4 | (30, 50]     |       0 |   78 |   22 |  243 |   67 |    0.752809 | 0.462069  |   0.57265   |
|  5 | (30, 50]     |       1 | 1438 |   48 | 6784 |  177 |    0.786667 | 0.109598  |   0.192391  |
|  6 | (50, 60]     |       0 |   57 |   16 |  130 |   59 |    0.786667 | 0.508621  |   0.617801  |
|  7 | (50, 60]     |       1 | 1091 |   39 | 3560 |  142 |    0.78453  | 0.115166  |   0.200849  |
|  8 | (60, 80]     |       0 |   55 |   24 |  138 |   79 |    0.76699  | 0.589552  |   0.666667  |
|  9 | (60, 80]     |       1 | 1110 |   45 | 2480 |  201 |    0.817073 | 0.153318  |   0.258189  |
| 10 | (80, 100]    |       0 |    1 |    1 |    4 |    2 |    0.666667 | 0.666667  |   0.666667  |
| 11 | (80, 100]    |       1 |   46 |    7 |   84 |   17 |    0.708333 | 0.269841  |   0.390805  |
| 12 | (100, 450]   |       1 |    1 |    0 |    4 |    0 |  nan        | 0         | nan         |
+----+--------------+---------+------+------+------+------+-------------+-----------+-------------+


+----+----------+---------+------+------+------+------+-------------+----------+----------+
|    | gender   |   train |   FN |   FP |   TN |   TP |   precision |   recall |       f1 |
|----+----------+---------+------+------+------+------+-------------+----------+----------|
|  0 | F        |       0 |  122 |   47 |  306 |  129 |    0.732955 | 0.513944 | 0.604215 |
|  1 | F        |       1 | 2460 |   90 | 7340 |  339 |    0.79021  | 0.121115 | 0.210037 |
|  2 | M        |       0 |  108 |   42 |  340 |  106 |    0.716216 | 0.495327 | 0.585635 |
|  3 | M        |       1 | 1899 |   67 | 9500 |  271 |    0.801775 | 0.124885 | 0.216108 |
+----+----------+---------+------+------+------+------+-------------+----------+----------+


+----+----------+---------+------+------+------+------+-------------+----------+----------+
|    | gender   |   train |   FN |   FP |   TN |   TP |   precision |   recall |       f1 |
|----+----------+---------+------+------+------+------+-------------+----------+----------|
|  0 | F        |       0 |  122 |   47 |  306 |  129 |    0.732955 | 0.513944 | 0.604215 |
|  1 | F        |       1 | 2460 |   90 | 7340 |  339 |    0.79021  | 0.121115 | 0.210037 |
|  2 | M        |       0 |  108 |   42 |  340 |  106 |    0.716216 | 0.495327 | 0.585635 |
|  3 | M        |       1 | 1899 |   67 | 9500 |  271 |    0.801775 | 0.124885 | 0.216108 |
+----+----------+---------+------+------+------+------+-------------+----------+----------+







==================InceptionV3_LogisticRegression==================
+----+------------+---------+------+------+-------+------+-------------+----------+----------+
|    | view_pos   |   train |   FN |   FP |    TN |   TP |   precision |   recall |       f1 |
|----+------------+---------+------+------+-------+------+-------------+----------+----------|
|  0 | AP         |       0 |   20 |    5 |    51 |   28 |    0.848485 | 0.583333 | 0.691358 |
|  1 | AP         |       1 |  592 |    6 |  1640 |   81 |    0.931034 | 0.120357 | 0.213158 |
|  2 | PA         |       0 |  215 |   54 |   590 |  237 |    0.814433 | 0.524336 | 0.637954 |
|  3 | PA         |       1 | 3092 |  109 | 15875 |  571 |    0.839706 | 0.155883 | 0.262952 |
+----+------------+---------+------+------+-------+------+-------------+----------+----------+


+----+------------+---------+------+------+-------+------+-------------+----------+----------+
|    | view_pos   |   train |   FN |   FP |    TN |   TP |   precision |   recall |       f1 |
|----+------------+---------+------+------+-------+------+-------------+----------+----------|
|  0 | AP         |       0 |   20 |    5 |    51 |   28 |    0.848485 | 0.583333 | 0.691358 |
|  1 | AP         |       1 |  592 |    6 |  1640 |   81 |    0.931034 | 0.120357 | 0.213158 |
|  2 | PA         |       0 |  215 |   54 |   590 |  237 |    0.814433 | 0.524336 | 0.637954 |
|  3 | PA         |       1 | 3092 |  109 | 15875 |  571 |    0.839706 | 0.155883 | 0.262952 |
+----+------------+---------+------+------+-------+------+-------------+----------+----------+


+----+--------------+---------+------+------+------+------+-------------+-------------+-------------+
|    | age_binned   |   train |   FN |   FP |   TN |   TP |   precision |      recall |          f1 |
|----+--------------+---------+------+------+------+------+-------------+-------------+-------------|
|  0 | (0, 10]      |       0 |    7 |    3 |   11 |    3 |    0.5      |   0.3       |   0.375     |
|  1 | (0, 10]      |       1 |   90 |    1 |  400 |    2 |    0.666667 |   0.0217391 |   0.0421053 |
|  2 | (10, 30]     |       0 |   29 |   14 |  123 |   34 |    0.708333 |   0.539683  |   0.612613  |
|  3 | (10, 30]     |       1 |  513 |    7 | 3598 |   81 |    0.920455 |   0.136364  |   0.237537  |
|  4 | (30, 50]     |       0 |   95 |   17 |  226 |   72 |    0.808989 |   0.431138  |   0.5625    |
|  5 | (30, 50]     |       1 | 1208 |   48 | 7014 |  177 |    0.786667 |   0.127798  |   0.219876  |
|  6 | (50, 60]     |       0 |   47 |   11 |  140 |   64 |    0.853333 |   0.576577  |   0.688172  |
|  7 | (50, 60]     |       1 |  906 |   19 | 3745 |  162 |    0.895028 |   0.151685  |   0.259408  |
|  8 | (60, 80]     |       0 |   55 |   13 |  138 |   90 |    0.873786 |   0.62069   |   0.725806  |
|  9 | (60, 80]     |       1 |  916 |   36 | 2674 |  210 |    0.853659 |   0.186501  |   0.306122  |
| 10 | (80, 100]    |       0 |    2 |    1 |    3 |    2 |    0.666667 |   0.5       |   0.571429  |
| 11 | (80, 100]    |       1 |   51 |    4 |   79 |   20 |    0.833333 |   0.28169   |   0.421053  |
| 12 | (100, 450]   |       1 |    0 |    0 |    5 |    0 |  nan        | nan         | nan         |
+----+--------------+---------+------+------+------+------+-------------+-------------+-------------+


+----+--------------+---------+------+------+------+------+-------------+-------------+-------------+
|    | age_binned   |   train |   FN |   FP |   TN |   TP |   precision |      recall |          f1 |
|----+--------------+---------+------+------+------+------+-------------+-------------+-------------|
|  0 | (0, 10]      |       0 |    7 |    3 |   11 |    3 |    0.5      |   0.3       |   0.375     |
|  1 | (0, 10]      |       1 |   90 |    1 |  400 |    2 |    0.666667 |   0.0217391 |   0.0421053 |
|  2 | (10, 30]     |       0 |   29 |   14 |  123 |   34 |    0.708333 |   0.539683  |   0.612613  |
|  3 | (10, 30]     |       1 |  513 |    7 | 3598 |   81 |    0.920455 |   0.136364  |   0.237537  |
|  4 | (30, 50]     |       0 |   95 |   17 |  226 |   72 |    0.808989 |   0.431138  |   0.5625    |
|  5 | (30, 50]     |       1 | 1208 |   48 | 7014 |  177 |    0.786667 |   0.127798  |   0.219876  |
|  6 | (50, 60]     |       0 |   47 |   11 |  140 |   64 |    0.853333 |   0.576577  |   0.688172  |
|  7 | (50, 60]     |       1 |  906 |   19 | 3745 |  162 |    0.895028 |   0.151685  |   0.259408  |
|  8 | (60, 80]     |       0 |   55 |   13 |  138 |   90 |    0.873786 |   0.62069   |   0.725806  |
|  9 | (60, 80]     |       1 |  916 |   36 | 2674 |  210 |    0.853659 |   0.186501  |   0.306122  |
| 10 | (80, 100]    |       0 |    2 |    1 |    3 |    2 |    0.666667 |   0.5       |   0.571429  |
| 11 | (80, 100]    |       1 |   51 |    4 |   79 |   20 |    0.833333 |   0.28169   |   0.421053  |
| 12 | (100, 450]   |       1 |    0 |    0 |    5 |    0 |  nan        | nan         | nan         |
+----+--------------+---------+------+------+------+------+-------------+-------------+-------------+


+----+----------+---------+------+------+------+------+-------------+----------+----------+
|    | gender   |   train |   FN |   FP |   TN |   TP |   precision |   recall |       f1 |
|----+----------+---------+------+------+------+------+-------------+----------+----------|
|  0 | F        |       0 |  126 |   25 |  302 |  151 |    0.857955 | 0.545126 | 0.666667 |
|  1 | F        |       1 | 2164 |   67 | 7636 |  362 |    0.843823 | 0.14331  | 0.245008 |
|  2 | M        |       0 |  109 |   34 |  339 |  114 |    0.77027  | 0.511211 | 0.614555 |
|  3 | M        |       1 | 1520 |   48 | 9879 |  290 |    0.857988 | 0.160221 | 0.270019 |
+----+----------+---------+------+------+------+------+-------------+----------+----------+


+----+----------+---------+------+------+------+------+-------------+----------+----------+
|    | gender   |   train |   FN |   FP |   TN |   TP |   precision |   recall |       f1 |
|----+----------+---------+------+------+------+------+-------------+----------+----------|
|  0 | F        |       0 |  126 |   25 |  302 |  151 |    0.857955 | 0.545126 | 0.666667 |
|  1 | F        |       1 | 2164 |   67 | 7636 |  362 |    0.843823 | 0.14331  | 0.245008 |
|  2 | M        |       0 |  109 |   34 |  339 |  114 |    0.77027  | 0.511211 | 0.614555 |
|  3 | M        |       1 | 1520 |   48 | 9879 |  290 |    0.857988 | 0.160221 | 0.270019 |
+----+----------+---------+------+------+------+------+-------------+----------+----------+







==================ResNet50_LogisticRegression==================
+----+------------+---------+------+------+-------+------+-------------+----------+----------+
|    | view_pos   |   train |   FN |   FP |    TN |   TP |   precision |   recall |       f1 |
|----+------------+---------+------+------+-------+------+-------------+----------+----------|
|  0 | AP         |       0 |   14 |    7 |    57 |   26 |    0.787879 | 0.65     | 0.712329 |
|  1 | AP         |       1 |  416 |   15 |  1816 |   72 |    0.827586 | 0.147541 | 0.250435 |
|  2 | PA         |       0 |  177 |   50 |   628 |  241 |    0.828179 | 0.576555 | 0.679831 |
|  3 | PA         |       1 | 2384 |  109 | 16583 |  571 |    0.839706 | 0.193232 | 0.314168 |
+----+------------+---------+------+------+-------+------+-------------+----------+----------+


+----+------------+---------+------+------+-------+------+-------------+----------+----------+
|    | view_pos   |   train |   FN |   FP |    TN |   TP |   precision |   recall |       f1 |
|----+------------+---------+------+------+-------+------+-------------+----------+----------|
|  0 | AP         |       0 |   14 |    7 |    57 |   26 |    0.787879 | 0.65     | 0.712329 |
|  1 | AP         |       1 |  416 |   15 |  1816 |   72 |    0.827586 | 0.147541 | 0.250435 |
|  2 | PA         |       0 |  177 |   50 |   628 |  241 |    0.828179 | 0.576555 | 0.679831 |
|  3 | PA         |       1 | 2384 |  109 | 16583 |  571 |    0.839706 | 0.193232 | 0.314168 |
+----+------------+---------+------+------+-------+------+-------------+----------+----------+


+----+--------------+---------+------+------+------+------+-------------+----------+-------------+
|    | age_binned   |   train |   FN |   FP |   TN |   TP |   precision |   recall |          f1 |
|----+--------------+---------+------+------+------+------+-------------+----------+-------------|
|  0 | (0, 10]      |       0 |    3 |    4 |   15 |    2 |    0.333333 | 0.4      |   0.363636  |
|  1 | (0, 10]      |       1 |   69 |    1 |  421 |    2 |    0.666667 | 0.028169 |   0.0540541 |
|  2 | (10, 30]     |       0 |   25 |   11 |  127 |   37 |    0.770833 | 0.596774 |   0.672727  |
|  3 | (10, 30]     |       1 |  368 |   17 | 3743 |   71 |    0.806818 | 0.161731 |   0.26945   |
|  4 | (30, 50]     |       0 |   79 |   18 |  242 |   71 |    0.797753 | 0.473333 |   0.594142  |
|  5 | (30, 50]     |       1 |  863 |   39 | 7359 |  186 |    0.826667 | 0.177312 |   0.291994  |
|  6 | (50, 60]     |       0 |   38 |   10 |  149 |   65 |    0.866667 | 0.631068 |   0.730337  |
|  7 | (50, 60]     |       1 |  706 |   29 | 3945 |  152 |    0.839779 | 0.177156 |   0.292589  |
|  8 | (60, 80]     |       0 |   45 |   13 |  148 |   90 |    0.873786 | 0.666667 |   0.756303  |
|  9 | (60, 80]     |       1 |  753 |   36 | 2837 |  210 |    0.853659 | 0.218069 |   0.347395  |
| 10 | (80, 100]    |       0 |    1 |    1 |    4 |    2 |    0.666667 | 0.666667 |   0.666667  |
| 11 | (80, 100]    |       1 |   40 |    2 |   90 |   22 |    0.916667 | 0.354839 |   0.511628  |
| 12 | (100, 450]   |       1 |    1 |    0 |    4 |    0 |  nan        | 0        | nan         |
+----+--------------+---------+------+------+------+------+-------------+----------+-------------+


+----+--------------+---------+------+------+------+------+-------------+----------+-------------+
|    | age_binned   |   train |   FN |   FP |   TN |   TP |   precision |   recall |          f1 |
|----+--------------+---------+------+------+------+------+-------------+----------+-------------|
|  0 | (0, 10]      |       0 |    3 |    4 |   15 |    2 |    0.333333 | 0.4      |   0.363636  |
|  1 | (0, 10]      |       1 |   69 |    1 |  421 |    2 |    0.666667 | 0.028169 |   0.0540541 |
|  2 | (10, 30]     |       0 |   25 |   11 |  127 |   37 |    0.770833 | 0.596774 |   0.672727  |
|  3 | (10, 30]     |       1 |  368 |   17 | 3743 |   71 |    0.806818 | 0.161731 |   0.26945   |
|  4 | (30, 50]     |       0 |   79 |   18 |  242 |   71 |    0.797753 | 0.473333 |   0.594142  |
|  5 | (30, 50]     |       1 |  863 |   39 | 7359 |  186 |    0.826667 | 0.177312 |   0.291994  |
|  6 | (50, 60]     |       0 |   38 |   10 |  149 |   65 |    0.866667 | 0.631068 |   0.730337  |
|  7 | (50, 60]     |       1 |  706 |   29 | 3945 |  152 |    0.839779 | 0.177156 |   0.292589  |
|  8 | (60, 80]     |       0 |   45 |   13 |  148 |   90 |    0.873786 | 0.666667 |   0.756303  |
|  9 | (60, 80]     |       1 |  753 |   36 | 2837 |  210 |    0.853659 | 0.218069 |   0.347395  |
| 10 | (80, 100]    |       0 |    1 |    1 |    4 |    2 |    0.666667 | 0.666667 |   0.666667  |
| 11 | (80, 100]    |       1 |   40 |    2 |   90 |   22 |    0.916667 | 0.354839 |   0.511628  |
| 12 | (100, 450]   |       1 |    1 |    0 |    4 |    0 |  nan        | 0        | nan         |
+----+--------------+---------+------+------+------+------+-------------+----------+-------------+


+----+----------+---------+------+------+-------+------+-------------+----------+----------+
|    | gender   |   train |   FN |   FP |    TN |   TP |   precision |   recall |       f1 |
|----+----------+---------+------+------+-------+------+-------------+----------+----------|
|  0 | F        |       0 |  109 |   31 |   319 |  145 |    0.823864 | 0.570866 | 0.674419 |
|  1 | F        |       1 | 1700 |   59 |  8100 |  370 |    0.862471 | 0.178744 | 0.296118 |
|  2 | M        |       0 |   82 |   26 |   366 |  122 |    0.824324 | 0.598039 | 0.693182 |
|  3 | M        |       1 | 1100 |   65 | 10299 |  273 |    0.807692 | 0.198835 | 0.319112 |
+----+----------+---------+------+------+-------+------+-------------+----------+----------+


+----+----------+---------+------+------+-------+------+-------------+----------+----------+
|    | gender   |   train |   FN |   FP |    TN |   TP |   precision |   recall |       f1 |
|----+----------+---------+------+------+-------+------+-------------+----------+----------|
|  0 | F        |       0 |  109 |   31 |   319 |  145 |    0.823864 | 0.570866 | 0.674419 |
|  1 | F        |       1 | 1700 |   59 |  8100 |  370 |    0.862471 | 0.178744 | 0.296118 |
|  2 | M        |       0 |   82 |   26 |   366 |  122 |    0.824324 | 0.598039 | 0.693182 |
|  3 | M        |       1 | 1100 |   65 | 10299 |  273 |    0.807692 | 0.198835 | 0.319112 |
+----+----------+---------+------+------+-------+------+-------------+----------+----------+







==================ResNet50_LogisticRegression CV==================
+----+------------+---------+------+------+-------+------+-------------+-----------+----------+
|    | view_pos   |   train |   FN |   FP |    TN |   TP |   precision |    recall |       f1 |
|----+------------+---------+------+------+-------+------+-------------+-----------+----------|
|  0 | AP         |       0 |   35 |    6 |    36 |   27 |    0.818182 | 0.435484  | 0.568421 |
|  1 | AP         |       1 |  896 |   29 |  1336 |   58 |    0.666667 | 0.0607966 | 0.111431 |
|  2 | PA         |       0 |  367 |   39 |   438 |  252 |    0.865979 | 0.407108  | 0.553846 |
|  3 | PA         |       1 | 5353 |  227 | 13614 |  453 |    0.666176 | 0.0780227 | 0.139685 |
+----+------------+---------+------+------+-------+------+-------------+-----------+----------+


+----+------------+---------+------+------+-------+------+-------------+-----------+----------+
|    | view_pos   |   train |   FN |   FP |    TN |   TP |   precision |    recall |       f1 |
|----+------------+---------+------+------+-------+------+-------------+-----------+----------|
|  0 | AP         |       0 |   35 |    6 |    36 |   27 |    0.818182 | 0.435484  | 0.568421 |
|  1 | AP         |       1 |  896 |   29 |  1336 |   58 |    0.666667 | 0.0607966 | 0.111431 |
|  2 | PA         |       0 |  367 |   39 |   438 |  252 |    0.865979 | 0.407108  | 0.553846 |
|  3 | PA         |       1 | 5353 |  227 | 13614 |  453 |    0.666176 | 0.0780227 | 0.139685 |
+----+------------+---------+------+------+-------+------+-------------+-----------+----------+


+----+--------------+---------+------+------+------+------+-------------+-----------+-------------+
|    | age_binned   |   train |   FN |   FP |   TN |   TP |   precision |    recall |          f1 |
|----+--------------+---------+------+------+------+------+-------------+-----------+-------------|
|  0 | (0, 10]      |       0 |    6 |    3 |   12 |    3 |    0.5      | 0.333333  |   0.4       |
|  1 | (0, 10]      |       1 |  152 |    1 |  338 |    2 |    0.666667 | 0.012987  |   0.0254777 |
|  2 | (10, 30]     |       0 |   70 |   10 |   82 |   38 |    0.791667 | 0.351852  |   0.487179  |
|  3 | (10, 30]     |       1 |  907 |   32 | 3204 |   56 |    0.636364 | 0.0581516 |   0.106565  |
|  4 | (30, 50]     |       0 |  160 |   11 |  161 |   78 |    0.876404 | 0.327731  |   0.477064  |
|  5 | (30, 50]     |       1 | 2154 |   80 | 6068 |  145 |    0.644444 | 0.0630709 |   0.114897  |
|  6 | (50, 60]     |       0 |   90 |    9 |   97 |   66 |    0.88     | 0.423077  |   0.571429  |
|  7 | (50, 60]     |       1 | 1558 |   64 | 3093 |  117 |    0.646409 | 0.0698507 |   0.126078  |
|  8 | (60, 80]     |       0 |   74 |   10 |  119 |   93 |    0.902913 | 0.556886  |   0.688889  |
|  9 | (60, 80]     |       1 | 1415 |   74 | 2175 |  172 |    0.699187 | 0.108381  |   0.18767   |
| 10 | (80, 100]    |       0 |    2 |    2 |    3 |    1 |    0.333333 | 0.333333  |   0.333333  |
| 11 | (80, 100]    |       1 |   62 |    5 |   68 |   19 |    0.791667 | 0.234568  |   0.361905  |
| 12 | (100, 450]   |       1 |    1 |    0 |    4 |    0 |  nan        | 0         | nan         |
+----+--------------+---------+------+------+------+------+-------------+-----------+-------------+


+----+--------------+---------+------+------+------+------+-------------+-----------+-------------+
|    | age_binned   |   train |   FN |   FP |   TN |   TP |   precision |    recall |          f1 |
|----+--------------+---------+------+------+------+------+-------------+-----------+-------------|
|  0 | (0, 10]      |       0 |    6 |    3 |   12 |    3 |    0.5      | 0.333333  |   0.4       |
|  1 | (0, 10]      |       1 |  152 |    1 |  338 |    2 |    0.666667 | 0.012987  |   0.0254777 |
|  2 | (10, 30]     |       0 |   70 |   10 |   82 |   38 |    0.791667 | 0.351852  |   0.487179  |
|  3 | (10, 30]     |       1 |  907 |   32 | 3204 |   56 |    0.636364 | 0.0581516 |   0.106565  |
|  4 | (30, 50]     |       0 |  160 |   11 |  161 |   78 |    0.876404 | 0.327731  |   0.477064  |
|  5 | (30, 50]     |       1 | 2154 |   80 | 6068 |  145 |    0.644444 | 0.0630709 |   0.114897  |
|  6 | (50, 60]     |       0 |   90 |    9 |   97 |   66 |    0.88     | 0.423077  |   0.571429  |
|  7 | (50, 60]     |       1 | 1558 |   64 | 3093 |  117 |    0.646409 | 0.0698507 |   0.126078  |
|  8 | (60, 80]     |       0 |   74 |   10 |  119 |   93 |    0.902913 | 0.556886  |   0.688889  |
|  9 | (60, 80]     |       1 | 1415 |   74 | 2175 |  172 |    0.699187 | 0.108381  |   0.18767   |
| 10 | (80, 100]    |       0 |    2 |    2 |    3 |    1 |    0.333333 | 0.333333  |   0.333333  |
| 11 | (80, 100]    |       1 |   62 |    5 |   68 |   19 |    0.791667 | 0.234568  |   0.361905  |
| 12 | (100, 450]   |       1 |    1 |    0 |    4 |    0 |  nan        | 0         | nan         |
+----+--------------+---------+------+------+------+------+-------------+-----------+-------------+


+----+----------+---------+------+------+------+------+-------------+-----------+----------+
|    | gender   |   train |   FN |   FP |   TN |   TP |   precision |    recall |       f1 |
|----+----------+---------+------+------+------+------+-------------+-----------+----------|
|  0 | F        |       0 |  201 |   22 |  227 |  154 |    0.875    | 0.433803  | 0.580038 |
|  1 | F        |       1 | 3169 |  149 | 6631 |  280 |    0.652681 | 0.081183  | 0.144404 |
|  2 | M        |       0 |  201 |   23 |  247 |  125 |    0.844595 | 0.383436  | 0.527426 |
|  3 | M        |       1 | 3080 |  107 | 8319 |  231 |    0.683432 | 0.0697674 | 0.12661  |
+----+----------+---------+------+------+------+------+-------------+-----------+----------+


+----+----------+---------+------+------+------+------+-------------+-----------+----------+
|    | gender   |   train |   FN |   FP |   TN |   TP |   precision |    recall |       f1 |
|----+----------+---------+------+------+------+------+-------------+-----------+----------|
|  0 | F        |       0 |  201 |   22 |  227 |  154 |    0.875    | 0.433803  | 0.580038 |
|  1 | F        |       1 | 3169 |  149 | 6631 |  280 |    0.652681 | 0.081183  | 0.144404 |
|  2 | M        |       0 |  201 |   23 |  247 |  125 |    0.844595 | 0.383436  | 0.527426 |
|  3 | M        |       1 | 3080 |  107 | 8319 |  231 |    0.683432 | 0.0697674 | 0.12661  |
+----+----------+---------+------+------+------+------+-------------+-----------+----------+





